0.0184
-0.0044
0.1411
0.2608
0.2340
0.2981
0.4603
0.3793
0.4816
0.5715
0.6498
0.5373
0.5309
0.6943
0.5076
0.8911
0.8345
0.8400
0.8613
0.9453
1.0928
1.1510
1.0813
0.8757
0.9024
0.8851
0.8837
0.9181
1.0485
0.8711
1.0126
1.0250
0.7978
0.8405
0.9548
0.7198
0.6678
0.7721
0.7148
0.5817
0.7650
0.5850
0.3747
0.6456
0.2999
0.3955
0.2617
0.2335
-0.0785
0.1663
0.0995
0.1246
-0.0654
-0.1116
-0.2358
-0.1629
-0.5229
-0.5186
-0.3572
-0.5681
-0.6643
-0.5758
-0.6127
-0.7563
-0.8251
-0.8055
-0.8359
-0.7409
-1.0401
-1.0052
-1.1182
-0.9302
-0.9961
-1.0095
-0.9535
-0.9181
-0.9259
-0.9556
-0.7147
-1.0703
-0.9429
-0.8944
-0.9517
-0.9562
-0.8409
-0.8366
-0.7152
-0.6909
-0.7034
-0.6746
-0.5181
-0.3561
-0.4864
-0.3801
-0.3787
-0.2405
-0.1881
-0.1163
-0.0291
-0.1176
-0.0382
0.0388
-0.1031
0.0497
0.1213
0.4020
0.3481
0.5299
0.6214
0.7665
0.5244
0.7009
0.6471
0.7396
0.7430
0.7533
0.9921
0.8509
0.8796
0.9031
0.9041
0.8501
0.9655
1.2106
0.9015
0.8240
0.9970
0.9462
1.0237
0.9968
0.9813
0.9829
0.8651
1.0019
0.9294
0.8331
0.6441
0.6064
0.7432
0.8374
0.5746
0.5220
0.4065
0.3664
0.3689
0.2120
0.2031
0.0274
0.1959
0.1137
-0.0144
0.0348
0.0361
-0.2838
-0.2468
-0.2732
-0.3147
-0.3413
-0.4486
-0.6510
-0.5888
-0.7305
-0.7263
-0.7454
-0.7047
-0.7264
-0.6057
-0.8236
-1.0200
-0.7766
-0.9354
-1.0189
-0.9111
-1.0071
-0.9600
-1.0025
-1.1470
-1.0354
-1.1465
-1.0199
-0.8753
-0.7625
-0.8372
-0.8073
-1.0735
-0.8799
-0.7566
-0.7288
-0.8223
-0.7718
-0.6762
-0.3420
-0.5060
-0.3633
-0.4972
-0.1669
-0.2973
-0.2398
-0.0477
-0.1191
-0.0152
-0.0109
0.2764
0.1442
0.1477
0.3671
0.5473
0.4945
0.5988
0.5120
0.5557
0.7255
0.7161
0.8649
0.6433
0.7560
1.0098
0.9090
0.8662
0.9263
1.1482
1.0081
0.9581
0.9386
1.0349
0.9727
1.0022
0.9785
0.9798
0.9948
0.9597
1.0988
0.8010
0.8229
0.6933
0.7868
0.7264
0.5979
0.7546
0.6230
0.5093
0.7434
0.5533
0.1827
0.3407
0.3778
0.3046
0.0528
0.2460
0.0084
